0 0 0 0 0 0 0 0 0 0 0 0.0227 2291
0 0 1 0 0 0 0 0 0 0 0 0.014 143
1 0 1 0 0 1 0 0 0 0 0 0.0526 19
0 0 0 0 0 0 0 0 0 1 0 0 111
0 0 0 0 0 0 0 0 0 0 1 0.037 54
1 0 0 0 0 0 0 0 0 0 0 0 28
0 1 0 0 0 0 0 0 0 0 1 0.2143 28
1 0 1 0 0 1 0 0 0 1 0 0 1
1 0 1 0 0 0 0 1 0 1 0 0 4
1 0 1 0 0 0 0 0 0 0 1 0 3
0 1 0 0 0 0 0 0 0 0 0 0.46 50
0 0 1 0 0 0 0 0 0 1 0 0 18
1 1 0 0 0 0 1 0 0 0 0 1 1
1 0 1 0 0 0 0 1 0 0 0 0 19
0 0 0 1 0 0 0 0 0 0 0 0.0635 63
1 0 0 1 0 0 0 0 0 0 0 0 12
0 1 1 0 0 0 0 0 0 0 0 1 2
1 0 0 0 0 0 0 0 0 0 1 0 2
0 1 0 1 0 0 1 0 0 0 0 1 2
1 0 1 1 0 0 0 1 0 0 0 0 2
1 0 1 0 0 0 0 0 0 0 0 0 4
1 1 1 0 0 1 0 1 0 0 0 1 3
1 1 1 1 0 1 0 1 0 0 1 0 2
0 1 1 0 0 0 0 1 0 1 1 0 1
0 1 1 1 0 0 0 0 0 0 1 0 1
1 1 0 0 0 0 0 1 0 0 0 0 1
0 0 0 0 0 0 0 0 0 2 0 0 3
0 0 1 1 0 0 0 0 0 0 0 0 3
0 0 0 0 0 0 0 0 0 0 2 0 1
1 0 1 0 0 1 0 0 0 0 1 0 4
0 0 1 0 0 0 0 0 0 0 1 0.3333 6
1 1 0 1 1 0 1 0 0 0 0 0 1
1 1 0 0 0 0 1 0 0 0 1 0 3
1 0 1 0 0 1 0 0 0 1 1 0 1
0 1 0 1 0 0 0 0 0 1 1 0 1
1 0 1 1 0 1 0 0 0 0 0 0 2
0 2 0 0 0 0 0 0 0 0 0 1 3
2 1 0 2 2 1 2 0 1 0 1 0 1
1 0 0 1 1 0 0 0 0 0 0 0 1
1 1 0 1 0 0 0 1 0 0 0 0 1
1 0 1 1 0 0 0 0 0 0 0 0 1
0 0 0 0 0 0 0 0 0 1 1 1 1
0 2 0 1 0 0 1 0 0 0 1 0 1
1 1 2 0 0 1 0 2 0 0 0 1 1
1 1 1 0 0 1 0 1 0 0 1 0.3333 3
0 1 0 1 0 0 0 0 0 0 0 0 1
1 2 0 1 1 0 1 1 0 0 1 0 1
0 1 1 0 0 1 0 0 0 0 1 1 1
0 0 0 1 0 0 0 0 0 1 0 0 1
0 1 0 0 0 0 0 0 0 1 1 0 1
1 0 1 0 0 0 0 1 0 0 1 0 2
0 1 1 0 0 0 0 0 0 0 1 0 1
0 1 0 1 1 0 0 0 0 0 1 0 1
0 1 1 0 0 1 0 0 0 0 0 1 1
0 0 2 0 0 0 0 0 0 0 0 0 1
0 1 0 1 0 0 0 0 0 0 1 0 1
1 0 2 0 0 0 0 1 0 0 0 0 1
