1 1 0 0 1 0 0 0 0 0 1 0 1
0 0 0 0 0 0 0 0 0 0 0 0.0038 1600
0 0 0 1 0 0 0 0 0 0 1 0 57
0 1 0 0 0 0 0 0 0 0 0 0.1515 132
1 0 0 1 0 0 0 0 0 0 1 0 20
1 1 0 1 0 1 0 0 0 0 0 0 1
0 1 0 0 0 0 0 0 0 0 1 0.0301 133
0 1 0 1 0 0 0 0 0 0 1 0 1
0 1 0 0 0 0 0 0 0 1 0 0.1935 31
1 0 1 0 0 0 0 1 0 0 1 0 6
1 0 0 0 0 0 0 0 0 0 1 0 26
0 0 0 0 0 0 0 0 0 1 0 0 246
0 0 0 0 0 0 0 0 0 0 1 0.018 111
0 1 1 0 0 1 0 0 0 0 0 0.6667 6
0 0 0 1 0 0 0 0 0 0 0 0 64
1 0 0 0 0 0 0 0 0 0 0 0 56
1 1 0 0 1 0 0 0 0 1 0 0 2
0 1 0 1 0 0 0 0 0 0 2 0 6
0 0 0 1 0 0 0 0 0 0 2 0 2
1 1 0 1 1 0 1 0 0 1 1 0 4
1 0 0 2 0 0 1 0 0 1 1 0 1
0 1 0 1 1 0 0 0 0 0 1 0.2222 9
0 1 0 1 0 0 1 0 0 0 1 0.1111 18
1 0 0 2 1 0 0 0 0 0 1 0 2
1 0 0 1 0 0 0 0 0 1 0 0 15
0 0 0 1 0 0 0 0 0 1 0 0 14
0 1 0 1 0 0 1 0 0 1 0 0.25 4
0 1 0 1 0 0 1 0 0 0 0 0.125 16
1 0 0 1 0 0 0 0 0 0 0 0 95
0 1 0 1 0 0 0 0 0 1 2 0 1
2 0 0 1 0 0 1 0 0 0 1 0 1
1 0 0 1 0 0 0 0 0 1 2 0 1
1 1 0 1 1 1 1 0 1 0 0 0 1
1 0 1 0 0 0 0 1 0 0 0 0 22
0 1 0 0 0 0 0 0 0 1 1 0.1429 14
0 0 0 0 0 0 0 0 0 1 1 0 6
0 1 0 1 1 0 0 0 0 1 0 0 2
1 1 0 1 1 0 1 0 0 0 0 0.2727 11
0 1 1 0 0 0 0 0 0 0 1 0 2
1 1 0 1 1 0 1 0 0 0 1 0.0588 17
1 0 0 2 0 0 1 0 0 0 1 0 2
1 1 0 1 1 0 1 0 0 1 2 0 1
1 1 1 0 1 1 0 1 1 0 1 0 2
0 0 1 0 0 0 0 0 0 0 0 0.0294 34
0 1 1 1 1 0 0 0 0 0 0 1 1
1 1 0 0 0 0 1 0 0 0 1 0.1667 6
0 0 1 0 0 0 0 0 0 1 0 0 7
1 1 0 1 0 1 0 0 0 0 2 0 1
1 1 0 0 0 0 1 0 0 1 0 0 1
1 2 0 1 1 1 1 0 0 0 1 0 1
1 1 0 1 0 1 0 0 0 0 1 0 1
0 0 0 2 0 0 0 0 0 0 1 0 3
2 0 0 2 1 0 1 0 0 0 1 0 1
1 0 1 0 0 0 0 0 0 1 1 0 1
0 0 1 1 0 0 0 0 0 0 0 0 1
0 0 0 1 0 0 0 0 0 1 1 0 6
1 0 1 0 0 1 0 0 0 0 0 0 6
0 0 0 0 0 0 0 0 0 2 0 0 2
2 1 0 1 1 0 1 1 0 0 0 0 1
0 1 0 1 1 0 0 0 0 1 1 0 1
0 2 0 1 0 0 1 0 0 0 1 0 1
1 1 0 0 0 1 0 0 0 1 1 0 1
0 2 0 0 0 0 0 0 0 0 1 0 4
0 1 0 1 1 0 0 0 0 0 0 0.2857 7
0 1 1 0 0 1 0 0 0 0 1 0 1
1 0 0 1 1 0 0 0 0 1 1 0 1
1 0 0 1 0 0 0 0 0 1 1 0 1
0 0 1 0 0 0 0 0 0 1 1 0 3
1 1 1 0 0 1 0 1 0 0 0 1 1
0 1 0 1 0 0 0 0 0 1 1 0 1
1 2 0 1 1 0 1 1 0 0 1 0 1
2 0 0 1 0 0 1 0 0 0 0 0 2
0 1 0 0 0 0 0 0 0 2 1 0 1
1 0 1 1 0 1 0 0 0 0 1 0 1
0 1 1 0 0 0 0 0 0 1 1 0 2
1 1 0 1 1 0 1 0 0 1 0 0 1
0 1 0 0 0 0 0 0 0 0 2 0 1
1 1 0 1 0 0 0 1 0 0 0 0 1
1 0 1 0 0 0 0 1 0 1 0 0 1
1 1 0 0 0 1 0 0 0 0 0 0 1
0 0 1 0 0 0 0 0 0 0 1 0 4
2 1 0 1 1 1 1 0 0 0 0 0 2
1 0 1 0 0 1 0 0 0 0 1 0 3
1 0 0 0 0 0 0 0 0 1 0 0 7
1 1 0 0 0 1 0 0 0 1 0 0 1
1 1 0 0 1 0 0 0 0 0 0 0.3333 3
1 0 1 0 0 0 0 0 0 0 0 0 1
1 0 1 0 0 1 0 0 0 1 0 0 1
1 1 0 1 0 1 0 0 0 1 0 0 1
0 2 0 1 0 0 1 0 0 0 0 0.6667 3
1 0 0 1 1 0 0 0 0 0 1 0 2
2 0 0 1 1 0 0 0 0 0 0 0 1
0 0 2 0 0 0 0 0 0 1 0 0 1
0 0 0 1 0 0 0 0 0 2 0 0 1
1 1 0 0 0 1 0 0 0 0 1 0 2
0 1 1 1 0 1 1 0 0 0 0 1 1
1 0 1 1 1 1 0 0 0 0 0 0 1
1 0 1 1 0 0 0 1 0 0 1 0 1
1 0 2 0 0 0 0 1 0 1 1 0 1
1 0 0 1 0 0 0 0 0 2 0 0 1
1 1 0 0 0 0 0 1 0 0 1 0 1
1 0 0 0 0 0 0 0 0 1 1 0 1
0 1 1 0 0 0 0 0 0 1 0 0 1
1 1 0 1 0 0 0 1 0 0 1 1 1
0 2 0 0 0 0 0 0 0 0 0 0 1
1 0 0 1 0 0 1 0 0 0 0 0 1
0 1 0 2 0 0 1 0 0 0 1 1 1
0 1 0 1 0 0 0 0 0 0 0 0 1
0 2 0 0 0 0 0 0 0 1 1 0 1
