0 0 0 0 0 0 0 0 0 0 0 0.0333 1591
0 0 1 0 0 0 0 0 0 1 0 0 41
0 1 0 0 0 0 0 0 0 0 0 0.6594 138
1 0 1 0 0 0 0 1 0 0 0 0.0769 65
1 1 0 1 1 0 1 0 0 0 1 0 5
0 0 2 0 0 0 0 0 0 0 0 0 7
0 1 0 0 0 0 0 0 0 1 0 0.5556 9
0 0 0 0 0 0 0 0 0 0 1 0.0222 135
0 0 0 1 0 0 0 0 0 0 0 0.0552 145
0 1 0 0 0 0 0 0 0 0 1 0.1364 22
1 0 1 0 0 1 0 0 0 0 0 0.1429 7
0 0 0 0 0 0 0 0 0 1 0 0.0185 162
0 0 1 0 0 0 0 0 0 0 0 0.0152 198
1 1 1 0 0 1 0 1 0 0 0 0.5 6
1 0 0 1 0 0 0 0 0 0 0 0 23
0 0 0 0 0 0 0 0 0 1 1 0 21
0 1 0 1 1 0 0 0 0 0 1 0 1
1 1 0 1 1 0 1 0 0 0 0 0.5 4
1 0 1 1 0 0 0 1 0 0 0 0 4
1 0 0 0 0 0 0 0 0 0 0 0.0263 38
0 1 0 1 1 0 0 0 0 0 0 0.625 64
0 0 1 0 0 0 0 0 0 0 1 0.0476 42
0 1 2 0 0 0 0 1 0 0 0 1 1
1 0 0 0 0 0 0 0 0 0 1 0 11
1 0 2 0 0 0 0 1 0 0 0 0 15
0 0 1 1 0 0 0 0 0 0 0 0.0769 13
0 1 1 0 0 0 0 1 0 1 0 1 2
0 0 1 1 0 0 0 0 0 1 0 0 3
1 1 0 0 0 1 0 0 0 0 0 0.6667 3
1 0 2 0 0 0 0 1 0 1 0 0 2
1 0 1 0 0 0 0 1 0 0 1 0.0833 12
1 0 1 0 0 0 0 1 0 1 0 0 9
1 0 0 0 0 0 0 0 0 1 1 0 2
0 1 1 1 1 0 0 1 0 0 0 0.5 2
1 0 2 0 0 1 0 0 0 0 0 0 1
0 1 1 0 0 0 0 1 0 0 1 0.5 2
0 0 0 1 0 0 0 0 0 0 1 0.1667 6
0 1 0 0 0 0 0 0 0 0 2 0 1
0 1 0 0 0 0 0 0 0 1 1 0 5
0 0 0 0 0 0 0 0 0 2 0 0 2
1 0 1 0 0 0 0 0 0 0 0 0 5
0 0 0 0 0 0 0 0 0 0 2 0 3
0 0 0 0 0 0 0 0 0 1 2 0 1
0 0 0 1 0 0 0 0 0 1 0 0.1429 7
1 0 1 1 0 0 1 1 0 0 0 0 2
1 0 1 0 0 0 0 1 0 1 1 0 1
1 0 0 1 0 0 0 0 0 0 1 0 1
1 0 1 1 1 1 0 0 0 0 0 0 2
1 2 0 2 2 0 2 1 1 0 1 1 1
0 1 1 0 0 1 0 0 0 1 1 0 1
0 0 1 0 0 0 0 0 0 1 1 0 5
0 1 0 1 1 0 0 0 0 1 0 0.75 4
0 1 1 0 0 0 0 1 0 0 0 0.3333 3
1 0 1 0 0 1 0 0 0 0 1 0 2
0 1 1 0 0 0 0 0 0 0 0 0.6667 3
1 1 0 1 0 0 0 1 0 0 1 0 1
1 0 0 0 0 0 0 0 0 1 0 0 4
1 0 1 1 0 0 1 1 0 0 1 0 1
1 0 0 1 0 0 1 0 0 0 0 0 5
1 1 1 0 0 1 0 1 0 1 1 0 1
0 1 1 0 0 0 0 0 0 0 1 0.5 2
1 1 1 0 0 1 0 1 0 1 0 1 1
1 0 1 0 0 0 0 0 0 1 0 0 3
1 0 1 0 0 0 0 0 0 0 1 0 2
1 0 1 1 0 0 0 0 0 0 1 0 3
1 0 2 0 0 0 0 1 0 0 1 0 1
1 1 1 1 0 1 0 1 0 0 1 0 1
1 0 1 1 0 0 1 0 0 0 0 0 1
1 1 1 0 0 1 0 1 0 0 1 0 3
1 0 0 1 0 0 0 0 0 1 0 0 2
1 0 1 1 0 1 0 0 0 0 0 0 3
0 2 0 0 0 0 0 0 0 0 0 1 3
0 1 0 1 0 0 1 0 0 0 0 1 1
0 1 1 0 0 0 0 1 0 0 2 0 1
0 2 0 0 0 0 0 0 0 0 1 1 1
1 0 0 2 1 0 0 0 0 0 0 0 1
0 1 1 0 0 0 0 0 0 1 1 1 1
0 1 0 2 0 0 1 0 0 0 0 1 1
1 1 0 0 0 0 0 1 0 0 1 1 1
1 2 0 1 1 0 1 1 0 0 0 1 1
1 0 1 2 0 0 1 1 0 0 1 0 1
0 1 1 0 0 1 0 0 0 0 1 0 1
1 0 1 1 0 1 0 0 0 1 0 0 1
0 1 0 1 0 0 1 0 0 0 1 0 1
0 1 0 0 0 0 0 0 0 2 1 0 1
0 1 0 1 0 0 0 0 0 0 0 0 1
0 1 1 0 0 0 0 0 0 1 0 0 1
1 1 0 0 0 0 0 1 0 0 0 1 1
0 0 1 0 0 0 0 0 0 2 0 0 1
1 1 0 0 0 0 1 0 0 0 1 0 1
