0 0 0 0 0 0 0 0 0 0 0 0.0232 1551
0 0 1 0 0 0 0 0 0 0 0 0.0094 213
0 0 0 1 0 0 0 0 0 0 1 0 6
0 1 0 0 0 0 0 0 0 0 0 0.6277 137
1 0 1 0 0 0 0 1 0 0 0 0 11
1 0 0 1 1 0 0 0 0 0 0 0 4
0 0 0 0 0 0 0 0 0 0 1 0 123
1 0 0 0 0 0 0 0 0 0 0 0.0435 69
0 0 0 1 0 0 0 0 0 0 0 0.0727 165
0 0 0 0 0 0 0 0 0 1 0 0.0395 152
0 1 0 0 0 0 0 0 0 0 1 0.15 20
0 0 1 0 0 0 0 0 0 1 0 0.075 40
1 1 1 0 0 1 0 1 0 0 0 0.3333 3
1 0 1 0 0 0 0 1 0 0 1 0 2
1 0 0 1 0 0 0 0 0 0 0 0.1538 13
1 1 0 1 0 1 0 0 0 0 0 0 1
1 0 0 0 0 0 0 0 0 0 1 0 8
0 1 0 0 0 0 0 0 0 1 0 0.2727 11
0 1 1 0 0 1 0 0 0 0 0 0.5556 9
0 0 1 0 0 0 0 0 0 0 1 0.0263 38
0 1 0 1 0 0 1 0 0 0 0 0.6769 65
1 0 1 0 0 1 0 0 0 0 0 0.0303 66
1 0 2 0 0 1 0 0 0 1 0 0 3
1 0 1 0 0 1 0 0 0 1 1 0 2
1 0 1 0 0 1 0 0 0 1 0 0.125 8
1 0 1 0 0 1 0 0 0 0 1 0 12
1 0 2 0 0 1 0 0 0 0 0 0 7
1 1 0 0 0 0 1 0 0 0 0 0.6667 3
0 1 1 0 0 0 0 0 0 0 0 0.5 6
0 0 0 0 0 0 0 0 0 1 1 0 16
0 0 0 1 0 0 0 0 0 1 0 0 10
1 0 1 1 0 0 0 1 0 0 1 0 1
0 1 1 0 0 1 0 0 0 0 1 0 1
0 0 1 1 0 0 0 0 0 0 0 0 14
0 1 0 0 0 0 0 0 0 0 2 0 2
1 0 1 1 0 0 0 1 0 0 0 0 3
1 0 0 2 1 0 0 0 0 0 0 0 1
0 1 1 0 0 0 0 1 0 0 0 1 1
0 2 0 0 0 0 0 0 0 0 0 1 5
1 0 1 1 0 0 0 1 0 0 2 0 1
1 0 1 1 1 1 0 0 0 0 0 0.6667 3
0 1 0 1 0 0 0 0 0 2 0 0 1
0 0 1 0 0 0 0 0 0 1 1 0 8
1 0 0 0 0 0 0 0 0 1 0 0 6
1 0 0 1 1 0 0 0 0 0 1 0 1
0 0 0 0 0 0 0 0 0 0 2 0 2
1 1 1 1 1 1 1 1 1 1 1 1 1
1 1 0 1 1 0 1 0 0 0 0 1 2
0 0 1 0 0 0 0 0 0 2 0 0 1
1 0 1 1 0 1 0 0 0 0 1 0 1
0 1 0 1 0 0 1 0 0 0 1 0.1429 7
1 0 0 1 0 0 0 0 0 0 1 0 3
1 1 0 1 1 0 1 0 0 0 1 0.3333 3
0 0 0 1 0 0 0 0 0 1 1 0 1
0 0 2 0 0 0 0 0 0 0 0 0 4
2 0 2 1 0 1 1 1 0 0 0 0 1
1 0 0 1 0 0 0 0 0 1 0 0 2
1 1 0 1 1 0 1 1 1 0 0 1 1
1 0 1 0 0 0 0 0 0 0 0 0 4
1 0 1 0 0 0 0 0 0 1 0 0 3
1 0 1 0 0 0 0 0 0 1 1 0 3
0 1 1 0 0 1 0 0 0 1 1 0 1
0 1 1 1 0 1 1 0 0 0 0 1 1
1 0 2 0 0 1 0 0 0 0 1 0 3
0 1 0 1 0 0 1 0 0 1 0 1 1
1 1 0 0 0 1 0 0 0 0 0 0 1
1 0 1 0 0 0 0 0 0 0 1 0 2
1 1 0 0 0 0 0 1 0 0 0 1 3
1 1 2 0 0 1 1 1 1 0 1 0 2
0 1 1 0 0 0 0 0 0 0 1 0 3
0 1 1 1 0 0 1 0 0 0 0 1 2
0 1 0 0 0 0 0 0 0 1 1 0 4
0 1 1 0 0 0 0 0 0 1 1 0 3
1 0 1 0 0 1 0 0 0 0 2 0 1
0 1 0 2 0 0 1 0 0 1 0 1 1
0 2 1 0 0 0 0 1 0 0 0 1 2
0 0 2 0 0 0 0 0 0 0 1 0 1
0 0 0 0 0 0 0 0 0 2 0 0 2
0 1 0 1 0 0 0 0 0 0 0 1 1
0 0 1 0 0 0 0 0 0 0 2 0.3333 3
0 0 1 1 0 0 0 0 0 1 0 0 2
1 1 1 0 0 1 0 1 0 1 1 1 1
2 1 2 0 1 2 0 2 1 0 1 1 1
1 1 1 0 0 1 0 1 0 0 1 1 1
0 1 0 0 0 0 0 0 0 2 1 0 1
0 0 1 2 0 0 0 0 0 1 0 1 1
0 0 2 1 0 0 0 0 0 0 1 0 1
1 0 0 0 0 0 0 0 0 1 1 0 1
1 1 1 0 0 1 0 1 0 1 0 1 1
1 1 0 0 0 0 0 1 0 1 0 1 1
1 0 1 0 0 0 0 1 0 1 0 0 1
1 0 0 1 1 0 0 0 0 1 0 0 1
0 1 1 0 0 0 0 0 0 1 0 0 1
1 0 2 0 0 0 0 1 0 0 1 0 1
0 1 0 2 0 0 1 0 0 0 0 1 1
0 1 0 1 0 0 0 0 0 1 0 1 1
1 0 1 0 0 0 0 1 0 1 1 0 1
