0 0 0 0 0 0 0 0 0 0 0 0.0012 1659
0 0 0 0 0 0 0 0 0 1 0 0.0045 221
0 1 0 1 1 0 0 0 0 0 1 0.2353 17
0 1 0 0 0 0 0 0 0 0 1 0.0435 138
1 0 0 0 0 0 0 0 0 1 1 0 3
0 1 0 0 0 0 0 0 0 0 0 0.2047 127
1 0 0 1 0 0 0 0 0 0 0 0 83
1 0 0 1 0 0 0 0 0 0 1 0 17
1 0 0 0 0 0 0 0 0 0 1 0 16
0 0 0 1 0 0 0 0 0 0 1 0 52
1 0 0 0 0 0 0 0 0 0 0 0.0106 94
1 0 1 0 0 1 0 0 0 0 0 0 14
1 0 0 0 0 0 0 0 0 1 0 0 15
0 0 1 0 0 0 0 0 0 0 0 0.0435 23
0 0 0 0 0 0 0 0 0 0 1 0 77
0 0 1 0 0 0 0 0 0 0 1 0 5
0 0 0 1 0 0 0 0 0 0 0 0 74
0 0 0 0 0 0 0 0 0 2 0 0 3
1 1 0 1 1 0 1 0 0 1 1 0 3
0 0 1 0 0 0 0 0 0 1 0 0 16
0 1 0 0 0 0 0 0 0 1 1 0 14
1 0 0 2 0 0 1 0 0 0 0 0 1
0 1 0 1 0 0 0 0 0 0 1 0 2
0 1 0 0 0 0 0 0 0 1 0 0.0556 18
0 1 0 1 0 0 1 0 0 0 1 0.1667 6
1 0 1 0 0 0 0 1 0 0 0 0 7
0 1 1 0 0 0 0 0 0 0 0 0.5 2
0 1 0 1 0 0 1 0 0 0 0 0.125 8
1 1 0 0 0 0 0 1 0 0 1 0 3
1 1 0 1 1 0 1 0 0 0 1 0 23
1 1 0 0 1 0 0 0 0 0 1 0 4
0 1 0 1 1 0 0 0 0 0 0 0.2 20
0 0 0 0 0 0 0 0 0 1 1 0 13
0 0 1 1 0 0 0 0 0 0 0 0 1
1 1 0 0 0 1 0 0 0 0 0 1 1
1 1 0 0 0 0 1 0 0 0 1 0 1
0 0 1 0 0 0 0 0 0 1 1 0 1
0 0 0 1 0 0 0 0 0 1 0 0 8
1 0 2 0 0 1 0 0 0 0 0 0 1
1 0 0 1 0 0 0 0 0 2 0 0 1
2 0 0 0 0 0 0 0 0 1 0 0 1
0 1 1 1 1 0 0 1 0 0 0 1 1
0 1 0 0 0 0 0 0 0 0 2 0 3
0 1 0 1 1 0 0 0 0 1 0 0.25 4
1 0 1 0 0 0 0 1 0 0 1 0 3
1 0 1 0 0 1 0 0 0 1 0 0 2
1 0 0 1 0 0 1 0 0 0 0 0 1
1 1 0 1 1 0 1 0 0 0 0 0.0833 12
1 0 0 1 0 0 0 0 0 1 0 0 4
2 1 0 2 2 1 2 0 1 0 0 1 1
0 0 0 2 0 0 0 0 0 0 0 0 1
1 1 1 0 0 1 0 1 0 1 0 1 2
0 1 1 0 0 0 0 1 0 0 0 0.3333 3
1 1 0 2 2 0 1 0 0 0 1 0 1
1 1 0 0 0 0 1 0 0 1 1 0 1
0 1 1 1 1 0 0 0 0 0 0 0 1
1 0 1 0 0 1 0 0 0 0 1 0 4
0 0 0 0 0 0 0 0 0 0 2 0 1
0 0 0 2 0 0 0 0 0 1 0 0 1
0 1 0 2 1 0 0 0 0 1 0 1 1
0 0 2 0 0 0 0 0 0 0 1 0 1
1 1 1 0 0 1 0 1 0 0 0 0.3333 3
0 1 1 1 1 0 0 1 0 0 1 1 1
1 1 0 0 0 1 0 0 0 0 1 0.3333 3
1 1 0 0 0 1 0 0 0 1 0 0 2
1 0 0 2 0 0 1 0 0 0 1 0 2
0 1 0 1 0 0 0 0 0 0 0 0.3333 3
0 1 0 1 0 0 0 0 0 0 2 0 2
1 1 0 1 0 0 0 1 0 0 0 0 3
0 1 0 1 1 0 0 0 0 1 1 0.2 5
1 1 0 1 0 0 0 1 0 1 1 0 1
1 0 1 0 0 0 0 0 0 0 1 0 3
1 1 0 1 1 1 1 0 1 0 0 0 1
1 1 0 0 0 0 0 1 0 0 0 0 2
1 0 1 1 0 0 0 1 0 0 1 0 2
1 1 0 0 0 0 0 1 0 1 1 0 1
0 1 0 1 0 0 1 0 0 1 0 0 1
1 1 0 2 1 1 1 0 1 0 0 0 1
0 1 0 1 0 0 1 0 0 1 1 0 2
0 0 0 1 0 0 0 0 0 1 1 0 5
0 1 1 0 0 0 0 1 0 0 2 0 1
1 1 1 0 0 1 0 1 0 0 1 0.5 2
2 0 0 1 1 0 0 0 0 0 0 0 2
1 1 0 0 1 0 0 0 0 0 0 0 3
1 1 0 0 0 0 1 0 0 0 0 0 2
0 2 0 0 0 0 0 0 0 0 1 0 3
0 1 0 1 0 0 1 0 0 0 2 0 1
1 1 1 1 0 1 0 1 0 0 0 0 1
0 2 0 0 0 0 0 0 0 0 0 0 2
0 0 0 1 0 0 0 0 0 0 2 0 1
1 0 1 1 0 1 0 0 0 0 0 0 1
1 2 0 1 1 1 1 0 0 0 0 1 1
1 1 0 0 1 0 0 0 0 1 0 0 1
1 1 0 1 0 0 0 1 0 0 1 0 1
2 1 0 1 1 1 1 0 0 0 0 0 1
1 1 1 1 0 1 0 1 0 0 1 0 1
0 1 1 0 0 0 0 0 0 0 1 1 1
2 0 1 1 1 0 0 1 0 1 0 0 1
0 1 1 0 0 0 0 1 0 0 1 0 1
1 0 1 1 0 1 0 0 0 1 0 0 1
1 0 1 1 0 0 0 0 0 0 1 0 1
1 0 0 2 1 0 0 0 0 0 1 0 1
0 2 0 0 0 0 0 0 0 1 1 0 1
1 1 0 2 2 0 1 0 0 0 2 0 1
