0 0 0 0 0 0 0 0 0 0 0 0.0127 2286
0 1 0 0 0 0 0 0 0 0 0 0.5167 60
0 1 0 0 0 0 0 0 0 0 1 0.0455 22
0 0 1 0 0 0 0 0 0 1 0 0 14
1 0 0 1 0 0 0 0 0 0 0 0 25
1 0 0 0 0 0 0 0 0 0 0 0 28
0 0 0 0 0 0 0 0 0 1 0 0 119
0 0 0 1 0 0 0 0 0 0 0 0.0172 58
0 0 1 0 0 0 0 0 0 0 1 0 6
0 1 0 1 1 0 0 0 0 0 0 0.2 5
0 0 0 0 0 0 0 0 0 0 1 0.0577 52
1 0 1 0 0 0 0 1 0 0 0 0.05 20
0 0 1 0 0 0 0 0 0 0 0 0.0142 141
0 0 0 0 0 0 0 0 0 1 1 0 2
1 0 0 0 0 0 0 0 0 0 2 0 1
1 0 1 0 0 1 0 0 0 0 0 0 16
1 0 1 0 0 0 0 0 0 0 0 0 1
1 0 0 1 0 0 0 0 0 0 1 0 7
0 1 1 0 0 0 0 0 0 0 0 1 3
0 0 0 0 0 0 0 0 0 2 0 0 4
2 1 0 2 2 0 2 1 1 0 1 0 2
1 0 0 0 0 0 0 0 0 0 1 0 3
1 1 1 0 0 1 0 1 0 0 0 0 1
0 2 0 0 0 0 0 0 0 0 0 1 3
1 1 0 0 1 0 0 0 0 0 1 0 1
1 0 1 0 0 0 0 0 0 0 1 0 2
0 0 2 0 0 0 0 0 0 0 0 0 1
1 0 1 1 0 0 0 0 0 0 1 0 2
0 1 0 1 0 0 1 0 0 0 0 1 1
0 1 1 0 0 0 0 1 0 0 0 0.5 4
0 0 2 0 0 0 0 0 0 0 1 0 1
0 1 0 0 0 0 0 0 0 1 0 1 1
0 0 0 0 0 0 0 0 0 0 2 0 1
0 0 0 1 0 0 0 0 0 1 0 0 2
1 1 0 1 0 0 0 1 0 0 1 0 2
1 0 1 0 0 0 0 1 0 0 1 0 2
1 1 0 1 1 0 1 0 0 0 0 1 2
0 0 1 0 0 0 0 0 0 1 1 0 1
0 1 0 1 0 0 0 0 0 0 1 0 1
1 1 1 0 1 1 0 1 1 0 1 0 2
1 2 0 1 1 0 1 1 0 0 0 1 1
0 0 0 1 0 0 0 0 0 0 1 0 2
1 1 0 1 1 0 1 0 0 0 1 0 2
0 1 0 1 1 0 0 0 0 0 1 1 1
0 1 1 0 0 1 0 0 0 0 0 1 1
0 0 0 2 0 0 0 0 0 0 0 1 1
0 0 1 0 0 0 0 0 0 2 0 0 1
1 1 0 0 0 1 0 0 0 0 1 0 1
1 1 0 0 0 1 0 0 0 0 2 0 1
