1 1 0 0 1 0 0 0 0 0 1 0 1 0.0206 0
0 0 0 0 0 0 0 0 0 0 0 0.0038 1600 0.0037 0.0038
0 0 0 1 0 0 0 0 0 0 1 0 57 3e-04 0
0 1 0 0 0 0 0 0 0 0 0 0.1515 132 0.1408 0.1515
1 0 0 1 0 0 0 0 0 0 1 0 20 0 0
1 1 0 1 0 1 0 0 0 0 0 0 1 0 0
0 1 0 0 0 0 0 0 0 0 1 0.0301 133 0.0386 0.0301
0 1 0 1 0 0 0 0 0 0 1 0 1 9e-04 0
0 1 0 0 0 0 0 0 0 1 0 0.1935 31 0.1403 0.1935
1 0 1 0 0 0 0 1 0 0 1 0 6 0.0011 0
1 0 0 0 0 0 0 0 0 0 1 0 26 4e-04 0
0 0 0 0 0 0 0 0 0 1 0 0 246 0.0058 0
0 0 0 0 0 0 0 0 0 0 1 0.018 111 0.0164 0.018
0 1 1 0 0 1 0 0 0 0 0 0.6667 6 0.684 0.6667
0 0 0 1 0 0 0 0 0 0 0 0 64 3e-04 0
1 0 0 0 0 0 0 0 0 0 0 0 56 4e-04 0
1 1 0 0 1 0 0 0 0 1 0 0 2 0.011 0
0 1 0 1 0 0 0 0 0 0 2 0 6 9e-04 0
0 0 0 1 0 0 0 0 0 0 2 0 2 3e-04 0
1 1 0 1 1 0 1 0 0 1 1 0 4 0.0086 0
1 0 0 2 0 0 1 0 0 1 1 0 1 0 0
0 1 0 1 1 0 0 0 0 0 1 0.2222 9 0.1944 0.2222
0 1 0 1 0 0 1 0 0 0 1 0.1111 18 0.0877 0.1111
1 0 0 2 1 0 0 0 0 0 1 0 2 0 0
1 0 0 1 0 0 0 0 0 1 0 0 15 0 0
0 0 0 1 0 0 0 0 0 1 0 0 14 1e-04 0
0 1 0 1 0 0 1 0 0 1 0 0.25 4 0.2028 0.25
0 1 0 1 0 0 1 0 0 0 0 0.125 16 0.1039 0.125
1 0 0 1 0 0 0 0 0 0 0 0 95 0 0
0 1 0 1 0 0 0 0 0 1 2 0 1 3e-04 0
2 0 0 1 0 0 1 0 0 0 1 0 1 0 0
1 0 0 1 0 0 0 0 0 1 2 0 1 0 0
1 1 0 1 1 1 1 0 1 0 0 0 1 0 0
1 0 1 0 0 0 0 1 0 0 0 0 22 0.0012 0
0 1 0 0 0 0 0 0 0 1 1 0.1429 14 0.0851 0.1429
0 0 0 0 0 0 0 0 0 1 1 0 6 0.0068 0
0 1 0 1 1 0 0 0 0 1 0 0 2 0.0097 0
1 1 0 1 1 0 1 0 0 0 0 0.2727 11 0.2769 0.2727
0 1 1 0 0 0 0 0 0 0 1 0 2 0.0285 0
1 1 0 1 1 0 1 0 0 0 1 0.0588 17 0.0363 0.0588
1 0 0 2 0 0 1 0 0 0 1 0 2 0 0
1 1 0 1 1 0 1 0 0 1 2 0 1 0.0082 0
1 1 1 0 1 1 0 1 1 0 1 0 2 0 0
0 0 1 0 0 0 0 0 0 0 0 0.0294 34 0.0207 0.0294
0 1 1 1 1 0 0 0 0 0 0 1 1 0.9997 1
1 1 0 0 0 0 1 0 0 0 1 0.1667 6 0.1594 0.1667
0 0 1 0 0 0 0 0 0 1 0 0 7 0.0069 0
1 1 0 1 0 1 0 0 0 0 2 0 1 0 0
1 1 0 0 0 0 1 0 0 1 0 0 1 0.0151 0
1 2 0 1 1 1 1 0 0 0 1 0 1 9e-04 0
1 1 0 1 0 1 0 0 0 0 1 0 1 0 0
0 0 0 2 0 0 0 0 0 0 1 0 3 0 0
2 0 0 2 1 0 1 0 0 0 1 0 1 0 0
1 0 1 0 0 0 0 0 0 1 1 0 1 1e-04 0
0 0 1 1 0 0 0 0 0 0 0 0 1 3e-04 0
0 0 0 1 0 0 0 0 0 1 1 0 6 1e-04 0
1 0 1 0 0 1 0 0 0 0 0 0 6 0 0
0 0 0 0 0 0 0 0 0 2 0 0 2 0.0033 0
2 1 0 1 1 0 1 1 0 0 0 0 1 0.0016 0
0 1 0 1 1 0 0 0 0 1 1 0 1 0.0092 0
0 2 0 1 0 0 1 0 0 0 1 0 1 0.0488 0
1 1 0 0 0 1 0 0 0 1 1 0 1 0 0
0 2 0 0 0 0 0 0 0 0 1 0 4 0.0566 0
0 1 0 1 1 0 0 0 0 0 0 0.2857 7 0.3114 0.2857
0 1 1 0 0 1 0 0 0 0 1 0 1 6e-04 0
1 0 0 1 1 0 0 0 0 1 1 0 1 1e-04 0
1 0 0 1 0 0 0 0 0 1 1 0 1 0 0
0 0 1 0 0 0 0 0 0 1 1 0 3 0.0066 0
1 1 1 0 0 1 0 1 0 0 0 1 1 0.93 1
0 1 0 1 0 0 0 0 0 1 1 0 1 4e-04 0
1 2 0 1 1 0 1 1 0 0 1 0 1 0.0696 0
2 0 0 1 0 0 1 0 0 0 0 0 2 0 0
0 1 0 0 0 0 0 0 0 2 1 0 1 0.0077 0
1 0 1 1 0 1 0 0 0 0 1 0 1 0 0
0 1 1 0 0 0 0 0 0 1 1 0 2 0.015 0
1 1 0 1 1 0 1 0 0 1 0 0 1 0.009 0
0 1 0 0 0 0 0 0 0 0 2 0 1 0.0282 0
1 1 0 1 0 0 0 1 0 0 0 0 1 0 0
1 0 1 0 0 0 0 1 0 1 0 0 1 5e-04 0
1 1 0 0 0 1 0 0 0 0 0 0 1 0 0
0 0 1 0 0 0 0 0 0 0 1 0 4 0.0135 0
2 1 0 1 1 1 1 0 0 0 0 0 2 0 0
1 0 1 0 0 1 0 0 0 0 1 0 3 0 0
1 0 0 0 0 0 0 0 0 1 0 0 7 1e-04 0
1 1 0 0 0 1 0 0 0 1 0 0 1 0 0
1 1 0 0 1 0 0 0 0 0 0 0.3333 3 0.4285 0.3333
1 0 1 0 0 0 0 0 0 0 0 0 1 4e-04 0
1 0 1 0 0 1 0 0 0 1 0 0 1 0 0
1 1 0 1 0 1 0 0 0 1 0 0 1 0 0
0 2 0 1 0 0 1 0 0 0 0 0.6667 3 0.9798 0.6667
1 0 0 1 1 0 0 0 0 0 1 0 2 2e-04 0
2 0 0 1 1 0 0 0 0 0 0 0 1 0 0
0 0 2 0 0 0 0 0 0 1 0 0 1 0.0067 0
0 0 0 1 0 0 0 0 0 2 0 0 1 0 0
1 1 0 0 0 1 0 0 0 0 1 0 2 0 0
0 1 1 1 0 1 1 0 0 0 0 1 1 0.9878 1
1 0 1 1 1 1 0 0 0 0 0 0 1 0 0
1 0 1 1 0 0 0 1 0 0 1 0 1 0 0
1 0 2 0 0 0 0 1 0 1 1 0 1 4e-04 0
1 0 0 1 0 0 0 0 0 2 0 0 1 0 0
1 1 0 0 0 0 0 1 0 0 1 0 1 0.0031 0
1 0 0 0 0 0 0 0 0 1 1 0 1 1e-04 0
0 1 1 0 0 0 0 0 0 1 0 0 1 0.0157 0
1 1 0 1 0 0 0 1 0 0 1 1 1 0.9416 1
0 2 0 0 0 0 0 0 0 0 0 0 1 0.0588 0
1 0 0 1 0 0 1 0 0 0 0 0 1 3e-04 0
0 1 0 2 0 0 1 0 0 0 1 1 1 0.9904 1
0 1 0 1 0 0 0 0 0 0 0 0 1 0.001 0
0 2 0 0 0 0 0 0 0 1 1 0 1 0.0321 0
