0 0 0 0 0 0 0 0 0 0 0 0.0333 1591 0.0332 0.0333
0 0 1 0 0 0 0 0 0 1 0 0 41 0.0097 0
0 1 0 0 0 0 0 0 0 0 0 0.6594 138 0.6802 0.6594
1 0 1 0 0 0 0 1 0 0 0 0.0769 65 0.056 0.0769
1 1 0 1 1 0 1 0 0 0 1 0 5 0.0131 0
0 0 2 0 0 0 0 0 0 0 0 0 7 0.0107 0
0 1 0 0 0 0 0 0 0 1 0 0.5556 9 0.4551 0.5556
0 0 0 0 0 0 0 0 0 0 1 0.0222 135 0.0297 0.0222
0 0 0 1 0 0 0 0 0 0 0 0.0552 145 0.052 0.0552
0 1 0 0 0 0 0 0 0 0 1 0.1364 22 0.0655 0.1364
1 0 1 0 0 1 0 0 0 0 0 0.1429 7 0.0505 0.1429
0 0 0 0 0 0 0 0 0 1 0 0.0185 162 0.0168 0.0185
0 0 1 0 0 0 0 0 0 0 0 0.0152 198 0.0179 0.0152
1 1 1 0 0 1 0 1 0 0 0 0.5 6 0.5513 0.5
1 0 0 1 0 0 0 0 0 0 0 0 23 0.0219 0
0 0 0 0 0 0 0 0 0 1 1 0 21 0.0158 0
0 1 0 1 1 0 0 0 0 0 1 0 1 0.0206 0
1 1 0 1 1 0 1 0 0 0 0 0.5 4 0.3676 0.5
1 0 1 1 0 0 0 1 0 0 0 0 4 0.044 0
1 0 0 0 0 0 0 0 0 0 0 0.0263 38 0.018 0.0263
0 1 0 1 1 0 0 0 0 0 0 0.625 64 0.6293 0.625
0 0 1 0 0 0 0 0 0 0 1 0.0476 42 0.027 0.0476
0 1 2 0 0 0 0 1 0 0 0 1 1 0.9748 1
1 0 0 0 0 0 0 0 0 0 1 0 11 0.0158 0
1 0 2 0 0 0 0 1 0 0 0 0 15 0.0214 0
0 0 1 1 0 0 0 0 0 0 0 0.0769 13 0.0461 0.0769
0 1 1 0 0 0 0 1 0 1 0 1 2 0.9726 1
0 0 1 1 0 0 0 0 0 1 0 0 3 0.0155 0
1 1 0 0 0 1 0 0 0 0 0 0.6667 3 0.6784 0.6667
1 0 2 0 0 0 0 1 0 1 0 0 2 0.0139 0
1 0 1 0 0 0 0 1 0 0 1 0.0833 12 0.065 0.0833
1 0 1 0 0 0 0 1 0 1 0 0 9 0.0196 0
1 0 0 0 0 0 0 0 0 1 1 0 2 0.0101 0
0 1 1 1 1 0 0 1 0 0 0 0.5 2 0.5615 0.5
1 0 2 0 0 1 0 0 0 0 0 0 1 0.0099 0
0 1 1 0 0 0 0 1 0 0 1 0.5 2 0.5828 0.5
0 0 0 1 0 0 0 0 0 0 1 0.1667 6 0.1256 0.1667
0 1 0 0 0 0 0 0 0 0 2 0 1 0.0235 0
0 1 0 0 0 0 0 0 0 1 1 0 5 0.0135 0
0 0 0 0 0 0 0 0 0 2 0 0 2 0.0087 0
1 0 1 0 0 0 0 0 0 0 0 0 5 0.0097 0
0 0 0 0 0 0 0 0 0 0 2 0 3 0.0271 0
0 0 0 0 0 0 0 0 0 1 2 0 1 0.0179 0
0 0 0 1 0 0 0 0 0 1 0 0.1429 7 0.0714 0.1429
1 0 1 1 0 0 1 1 0 0 0 0 2 0.0431 0
1 0 1 0 0 0 0 1 0 1 1 0 1 0.0222 0
1 0 0 1 0 0 0 0 0 0 1 0 1 0.0247 0
1 0 1 1 1 1 0 0 0 0 0 0 2 0.0141 0
1 2 0 2 2 0 2 1 1 0 1 1 1 1 1
0 1 1 0 0 1 0 0 0 1 1 0 1 0.0137 0
0 0 1 0 0 0 0 0 0 1 1 0 5 0.0111 0
0 1 0 1 1 0 0 0 0 1 0 0.75 4 0.7383 0.75
0 1 1 0 0 0 0 1 0 0 0 0.3333 3 0.3125 0.3333
1 0 1 0 0 1 0 0 0 0 1 0 2 0.0161 0
0 1 1 0 0 0 0 0 0 0 0 0.6667 3 0.6385 0.6667
1 1 0 1 0 0 0 1 0 0 1 0 1 0.0571 0
1 0 0 0 0 0 0 0 0 1 0 0 4 0.0088 0
1 0 1 1 0 0 1 1 0 0 1 0 1 0.0481 0
1 0 0 1 0 0 1 0 0 0 0 0 5 0.0213 0
1 1 1 0 0 1 0 1 0 1 1 0 1 0.0268 0
0 1 1 0 0 0 0 0 0 0 1 0.5 2 0.4055 0.5
1 1 1 0 0 1 0 1 0 1 0 1 1 0.9707 1
1 0 1 0 0 0 0 0 0 1 0 0 3 0.006 0
1 0 1 0 0 0 0 0 0 0 1 0 2 0.0111 0
1 0 1 1 0 0 0 0 0 0 1 0 3 0.0178 0
1 0 2 0 0 0 0 1 0 0 1 0 1 0.0242 0
1 1 1 1 0 1 0 1 0 0 1 0 1 0.0579 0
1 0 1 1 0 0 1 0 0 0 0 0 1 0.0152 0
1 1 1 0 0 1 0 1 0 0 1 0 3 0.0396 0
1 0 0 1 0 0 0 0 0 1 0 0 2 0.0142 0
1 0 1 1 0 1 0 0 0 0 0 0 3 0.0222 0
0 2 0 0 0 0 0 0 0 0 0 1 3 0.9573 1
0 1 0 1 0 0 1 0 0 0 0 1 1 0.9748 1
0 1 1 0 0 0 0 1 0 0 2 0 1 0.0469 0
0 2 0 0 0 0 0 0 0 0 1 1 1 0.9618 1
1 0 0 2 1 0 0 0 0 0 0 0 1 0.0217 0
0 1 1 0 0 0 0 0 0 1 1 1 1 0.9362 1
0 1 0 2 0 0 1 0 0 0 0 1 1 0.9838 1
1 1 0 0 0 0 0 1 0 0 1 1 1 0.9826 1
1 2 0 1 1 0 1 1 0 0 0 1 1 0.9764 1
1 0 1 2 0 0 1 1 0 0 1 0 1 0.0694 0
0 1 1 0 0 1 0 0 0 0 1 0 1 0.0211 0
1 0 1 1 0 1 0 0 0 1 0 0 1 0.0145 0
0 1 0 1 0 0 1 0 0 0 1 0 1 0.031 0
0 1 0 0 0 0 0 0 0 2 1 0 1 0.0085 0
0 1 0 1 0 0 0 0 0 0 0 0 1 0.0282 0
0 1 1 0 0 0 0 0 0 1 0 0 1 0.0082 0
1 1 0 0 0 0 0 1 0 0 0 1 1 0.9802 1
0 0 1 0 0 0 0 0 0 2 0 0 1 0.006 0
1 1 0 0 0 0 1 0 0 0 1 0 1 0.0132 0
