0 0 0 0 0 0 0 0 0 0 0 0.0232 1551 0.0231 0.0232
0 0 1 0 0 0 0 0 0 0 0 0.0094 213 0.0136 0.0094
0 0 0 1 0 0 0 0 0 0 1 0 6 0.0272 0
0 1 0 0 0 0 0 0 0 0 0 0.6277 137 0.6492 0.6277
1 0 1 0 0 0 0 1 0 0 0 0 11 0.0158 0
1 0 0 1 1 0 0 0 0 0 0 0 4 0.0343 0
0 0 0 0 0 0 0 0 0 0 1 0 123 0.0116 0
1 0 0 0 0 0 0 0 0 0 0 0.0435 69 0.0305 0.0435
0 0 0 1 0 0 0 0 0 0 0 0.0727 165 0.0591 0.0727
0 0 0 0 0 0 0 0 0 1 0 0.0395 152 0.0348 0.0395
0 1 0 0 0 0 0 0 0 0 1 0.15 20 0.0728 0.15
0 0 1 0 0 0 0 0 0 1 0 0.075 40 0.0394 0.075
1 1 1 0 0 1 0 1 0 0 0 0.3333 3 0.2711 0.3333
1 0 1 0 0 0 0 1 0 0 1 0 2 0.0127 0
1 0 0 1 0 0 0 0 0 0 0 0.1538 13 0.1314 0.1538
1 1 0 1 0 1 0 0 0 0 0 0 1 0.0872 0
1 0 0 0 0 0 0 0 0 0 1 0 8 0.0169 0
0 1 0 0 0 0 0 0 0 1 0 0.2727 11 0.2424 0.2727
0 1 1 0 0 1 0 0 0 0 0 0.5556 9 0.538 0.5556
0 0 1 0 0 0 0 0 0 0 1 0.0263 38 0.0124 0.0263
0 1 0 1 0 0 1 0 0 0 0 0.6769 65 0.7009 0.6769
1 0 1 0 0 1 0 0 0 0 0 0.0303 66 0.0264 0.0303
1 0 2 0 0 1 0 0 0 1 0 0 3 0.0293 0
1 0 1 0 0 1 0 0 0 1 1 0 2 0.0279 0
1 0 1 0 0 1 0 0 0 1 0 0.125 8 0.0852 0.125
1 0 1 0 0 1 0 0 0 0 1 0 12 0.0163 0
1 0 2 0 0 1 0 0 0 0 0 0 7 0.0172 0
1 1 0 0 0 0 1 0 0 0 0 0.6667 3 0.613 0.6667
0 1 1 0 0 0 0 0 0 0 0 0.5 6 0.4377 0.5
0 0 0 0 0 0 0 0 0 1 1 0 16 0.02 0
0 0 0 1 0 0 0 0 0 1 0 0 10 0.0532 0
1 0 1 1 0 0 0 1 0 0 1 0 1 0.03 0
0 1 1 0 0 1 0 0 0 0 1 0 1 0.0217 0
0 0 1 1 0 0 0 0 0 0 0 0 14 0.0285 0
0 1 0 0 0 0 0 0 0 0 2 0 2 0.0184 0
1 0 1 1 0 0 0 1 0 0 0 0 3 0.0362 0
1 0 0 2 1 0 0 0 0 0 0 0 1 0.0713 0
0 1 1 0 0 0 0 1 0 0 0 1 1 0.9473 1
0 2 0 0 0 0 0 0 0 0 0 1 5 0.9777 1
1 0 1 1 0 0 0 1 0 0 2 0 1 0.0247 0
1 0 1 1 1 1 0 0 0 0 0 0.6667 3 0.7257 0.6667
0 1 0 1 0 0 0 0 0 2 0 0 1 0.1323 0
0 0 1 0 0 0 0 0 0 1 1 0 8 0.0171 0
1 0 0 0 0 0 0 0 0 1 0 0 6 0.0349 0
1 0 0 1 1 0 0 0 0 0 1 0 1 0.0284 0
0 0 0 0 0 0 0 0 0 0 2 0 2 0.009 0
1 1 1 1 1 1 1 1 1 1 1 1 1 0.9866 1
1 1 0 1 1 0 1 0 0 0 0 1 2 0.9574 1
0 0 1 0 0 0 0 0 0 2 0 0 1 0.0352 0
1 0 1 1 0 1 0 0 0 0 1 0 1 0.0374 0
0 1 0 1 0 0 1 0 0 0 1 0.1429 7 0.0652 0.1429
1 0 0 1 0 0 0 0 0 0 1 0 3 0.0386 0
1 1 0 1 1 0 1 0 0 0 1 0.3333 3 0.2124 0.3333
0 0 0 1 0 0 0 0 0 1 1 0 1 0.0446 0
0 0 2 0 0 0 0 0 0 0 0 0 4 0.0101 0
2 0 2 1 0 1 1 1 0 0 0 0 1 0.0207 0
1 0 0 1 0 0 0 0 0 1 0 0 2 0.0724 0
1 1 0 1 1 0 1 1 1 0 0 1 1 0.9817 1
1 0 1 0 0 0 0 0 0 0 0 0 4 0.0178 0
1 0 1 0 0 0 0 0 0 1 0 0 3 0.0303 0
1 0 1 0 0 0 0 0 0 1 1 0 3 0.0249 0
0 1 1 0 0 1 0 0 0 1 1 0 1 0.0364 0
0 1 1 1 0 1 1 0 0 0 0 1 1 0.9543 1
1 0 2 0 0 1 0 0 0 0 1 0 3 0.0139 0
0 1 0 1 0 0 1 0 0 1 0 1 1 0.973 1
1 1 0 0 0 1 0 0 0 0 0 0 1 0.0433 0
1 0 1 0 0 0 0 0 0 0 1 0 2 0.0144 0
1 1 0 0 0 0 0 1 0 0 0 1 3 0.9672 1
1 1 2 0 0 1 1 1 1 0 1 0 2 0.026 0
0 1 1 0 0 0 0 0 0 0 1 0 3 0.0193 0
0 1 1 1 0 0 1 0 0 0 0 1 2 0.9494 1
0 1 0 0 0 0 0 0 0 1 1 0 4 0.0376 0
0 1 1 0 0 0 0 0 0 1 1 0 3 0.0327 0
1 0 1 0 0 1 0 0 0 0 2 0 1 0.0132 0
0 1 0 2 0 0 1 0 0 1 0 1 1 0.9888 1
0 2 1 0 0 0 0 1 0 0 0 1 2 0.9709 1
0 0 2 0 0 0 0 0 0 0 1 0 1 0.0081 0
0 0 0 0 0 0 0 0 0 2 0 0 2 0.0404 0
0 1 0 1 0 0 0 0 0 0 0 1 1 0.9816 1
0 0 1 0 0 0 0 0 0 0 2 0.3333 3 0.1132 0.3333
0 0 1 1 0 0 0 0 0 1 0 0 2 0.0466 0
1 1 1 0 0 1 0 1 0 1 1 1 1 0.9753 1
2 1 2 0 1 2 0 2 1 0 1 1 1 0.9827 1
1 1 1 0 0 1 0 1 0 0 1 1 1 0.9592 1
0 1 0 0 0 0 0 0 0 2 1 0 1 0.0599 0
0 0 1 2 0 0 0 0 0 1 0 1 1 0.9901 1
0 0 2 1 0 0 0 0 0 0 1 0 1 0.0201 0
1 0 0 0 0 0 0 0 0 1 1 0 1 0.0289 0
1 1 1 0 0 1 0 1 0 1 0 1 1 0.9798 1
1 1 0 0 0 0 0 1 0 1 0 1 1 0.9805 1
1 0 1 0 0 0 0 1 0 1 0 0 1 0.027 0
1 0 0 1 1 0 0 0 0 1 0 0 1 0.0552 0
0 1 1 0 0 0 0 0 0 1 0 0 1 0.0393 0
1 0 2 0 0 0 0 1 0 0 1 0 1 0.0108 0
0 1 0 2 0 0 1 0 0 0 0 1 1 0.9802 1
0 1 0 1 0 0 0 0 0 1 0 1 1 0.9896 1
1 0 1 0 0 0 0 1 0 1 1 0 1 0.0222 0
