0 0 0 0 0 0 0 0 0 0 0 0.0012 1659 0.0012 0.0012
0 0 0 0 0 0 0 0 0 1 0 0.0045 221 0.005 0.0045
0 1 0 1 1 0 0 0 0 0 1 0.2353 17 0.218 0.2353
0 1 0 0 0 0 0 0 0 0 1 0.0435 138 0.0331 0.0435
1 0 0 0 0 0 0 0 0 1 1 0 3 0.001 0
0 1 0 0 0 0 0 0 0 0 0 0.2047 127 0.213 0.2047
1 0 0 1 0 0 0 0 0 0 0 0 83 7e-04 0
1 0 0 1 0 0 0 0 0 0 1 0 17 5e-04 0
1 0 0 0 0 0 0 0 0 0 1 0 16 0.0021 0
0 0 0 1 0 0 0 0 0 0 1 0 52 0.0019 0
1 0 0 0 0 0 0 0 0 0 0 0.0106 94 0.0037 0.0106
1 0 1 0 0 1 0 0 0 0 0 0 14 0.0042 0
1 0 0 0 0 0 0 0 0 1 0 0 15 0.0017 0
0 0 1 0 0 0 0 0 0 0 0 0.0435 23 0.0166 0.0435
0 0 0 0 0 0 0 0 0 0 1 0 77 0.0069 0
0 0 1 0 0 0 0 0 0 0 1 0 5 0.0059 0
0 0 0 1 0 0 0 0 0 0 0 0 74 0.003 0
0 0 0 0 0 0 0 0 0 2 0 0 3 0.0032 0
1 1 0 1 1 0 1 0 0 1 1 0 3 0.0093 0
0 0 1 0 0 0 0 0 0 1 0 0 16 0.0048 0
0 1 0 0 0 0 0 0 0 1 1 0 14 0.0124 0
1 0 0 2 0 0 1 0 0 0 0 0 1 6e-04 0
0 1 0 1 0 0 0 0 0 0 1 0 2 0.007 0
0 1 0 0 0 0 0 0 0 1 0 0.0556 18 0.0371 0.0556
0 1 0 1 0 0 1 0 0 0 1 0.1667 6 0.114 0.1667
1 0 1 0 0 0 0 1 0 0 0 0 7 0.0012 0
0 1 1 0 0 0 0 0 0 0 0 0.5 2 0.7836 0.5
0 1 0 1 0 0 1 0 0 0 0 0.125 8 0.1011 0.125
1 1 0 0 0 0 0 1 0 0 1 0 3 0.0036 0
1 1 0 1 1 0 1 0 0 0 1 0 23 0.0163 0
1 1 0 0 1 0 0 0 0 0 1 0 4 0.0213 0
0 1 0 1 1 0 0 0 0 0 0 0.2 20 0.2076 0.2
0 0 0 0 0 0 0 0 0 1 1 0 13 0.0039 0
0 0 1 1 0 0 0 0 0 0 0 0 1 0.0025 0
1 1 0 0 0 1 0 0 0 0 0 1 1 0.9996 1
1 1 0 0 0 0 1 0 0 0 1 0 1 0.0186 0
0 0 1 0 0 0 0 0 0 1 1 0 1 0.0031 0
0 0 0 1 0 0 0 0 0 1 0 0 8 0.0016 0
1 0 2 0 0 1 0 0 0 0 0 0 1 0.0034 0
1 0 0 1 0 0 0 0 0 2 0 0 1 2e-04 0
2 0 0 0 0 0 0 0 0 1 0 0 1 4e-04 0
0 1 1 1 1 0 0 1 0 0 0 1 1 0.9993 1
0 1 0 0 0 0 0 0 0 0 2 0 3 0.015 0
0 1 0 1 1 0 0 0 0 1 0 0.25 4 0.2227 0.25
1 0 1 0 0 0 0 1 0 0 1 0 3 7e-04 0
1 0 1 0 0 1 0 0 0 1 0 0 2 0.0022 0
1 0 0 1 0 0 1 0 0 0 0 0 1 0.0026 0
1 1 0 1 1 0 1 0 0 0 0 0.0833 12 0.0644 0.0833
1 0 0 1 0 0 0 0 0 1 0 0 4 4e-04 0
2 1 0 2 2 1 2 0 1 0 0 1 1 0.9956 1
0 0 0 2 0 0 0 0 0 0 0 0 1 8e-04 0
1 1 1 0 0 1 0 1 0 1 0 1 2 0.9971 1
0 1 1 0 0 0 0 1 0 0 0 0.3333 3 0.3525 0.3333
1 1 0 2 2 0 1 0 0 0 1 0 1 0.0151 0
1 1 0 0 0 0 1 0 0 1 1 0 1 0.0104 0
0 1 1 1 1 0 0 0 0 0 0 0 1 0.0238 0
1 0 1 0 0 1 0 0 0 0 1 0 4 0.0027 0
0 0 0 0 0 0 0 0 0 0 2 0 1 0.0048 0
0 0 0 2 0 0 0 0 0 1 0 0 1 3e-04 0
0 1 0 2 1 0 0 0 0 1 0 1 1 0.998 1
0 0 2 0 0 0 0 0 0 0 1 0 1 0.0047 0
1 1 1 0 0 1 0 1 0 0 0 0.3333 3 0.2585 0.3333
0 1 1 1 1 0 0 1 0 0 1 1 1 0.9989 1
1 1 0 0 0 1 0 0 0 0 1 0.3333 3 0.3206 0.3333
1 1 0 0 0 1 0 0 0 1 0 0 2 0.0094 0
1 0 0 2 0 0 1 0 0 0 1 0 2 3e-04 0
0 1 0 1 0 0 0 0 0 0 0 0.3333 3 0.3135 0.3333
0 1 0 1 0 0 0 0 0 0 2 0 2 0.0044 0
1 1 0 1 0 0 0 1 0 0 0 0 3 0.0015 0
0 1 0 1 1 0 0 0 0 1 1 0.2 5 0.1163 0.2
1 1 0 1 0 0 0 1 0 1 1 0 1 4e-04 0
1 0 1 0 0 0 0 0 0 0 1 0 3 0.0017 0
1 1 0 1 1 1 1 0 1 0 0 0 1 0.0034 0
1 1 0 0 0 0 0 1 0 0 0 0 2 0.0057 0
1 0 1 1 0 0 0 1 0 0 1 0 2 1e-04 0
1 1 0 0 0 0 0 1 0 1 1 0 1 0.0018 0
0 1 0 1 0 0 1 0 0 1 0 0 1 0.0146 0
1 1 0 2 1 1 1 0 1 0 0 0 1 8e-04 0
0 1 0 1 0 0 1 0 0 1 1 0 2 0.0097 0
0 0 0 1 0 0 0 0 0 1 1 0 5 9e-04 0
0 1 1 0 0 0 0 1 0 0 2 0 1 0.0061 0
1 1 1 0 0 1 0 1 0 0 1 0.5 2 0.5407 0.5
2 0 0 1 1 0 0 0 0 0 0 0 2 8e-04 0
1 1 0 0 1 0 0 0 0 0 0 0 3 0.0309 0
1 1 0 0 0 0 1 0 0 0 0 0 2 0.0271 0
0 2 0 0 0 0 0 0 0 0 1 0 3 0.0556 0
0 1 0 1 0 0 1 0 0 0 2 0 1 0.0116 0
1 1 1 1 0 1 0 1 0 0 0 0 1 0.0018 0
0 2 0 0 0 0 0 0 0 0 0 0 2 0.0757 0
0 0 0 1 0 0 0 0 0 0 2 0 1 0.0012 0
1 0 1 1 0 1 0 0 0 0 0 0 1 0.0011 0
1 2 0 1 1 1 1 0 0 0 0 1 1 1 1
1 1 0 0 1 0 0 0 0 1 0 0 1 0.0181 0
1 1 0 1 0 0 0 1 0 0 1 0 1 9e-04 0
2 1 0 1 1 1 1 0 0 0 0 0 1 0.0126 0
1 1 1 1 0 1 0 1 0 0 1 0 1 0.0011 0
0 1 1 0 0 0 0 0 0 0 1 1 1 0.9996 1
2 0 1 1 1 0 0 1 0 1 0 0 1 1e-04 0
0 1 1 0 0 0 0 1 0 0 1 0 1 0.0094 0
1 0 1 1 0 1 0 0 0 1 0 0 1 5e-04 0
1 0 1 1 0 0 0 0 0 0 1 0 1 4e-04 0
1 0 0 2 1 0 0 0 0 0 1 0 1 4e-04 0
0 2 0 0 0 0 0 0 0 1 1 0 1 0.0344 0
1 1 0 2 2 0 1 0 0 0 2 0 1 0.01 0
