0 0 0 0 0 0 0 0 0 0 0 0.0127 2286 0.0127 0.0127
0 1 0 0 0 0 0 0 0 0 0 0.5167 60 0.5248 0.5167
0 1 0 0 0 0 0 0 0 0 1 0.0455 22 0.0256 0.0455
0 0 1 0 0 0 0 0 0 1 0 0 14 2e-04 0
1 0 0 1 0 0 0 0 0 0 0 0 25 0.0026 0
1 0 0 0 0 0 0 0 0 0 0 0 28 0.0048 0
0 0 0 0 0 0 0 0 0 1 0 0 119 5e-04 0
0 0 0 1 0 0 0 0 0 0 0 0.0172 58 0.015 0.0172
0 0 1 0 0 0 0 0 0 0 1 0 6 0.0187 0
0 1 0 1 1 0 0 0 0 0 0 0.2 5 0.1898 0.2
0 0 0 0 0 0 0 0 0 0 1 0.0577 52 0.0559 0.0577
1 0 1 0 0 0 0 1 0 0 0 0.05 20 0.0255 0.05
0 0 1 0 0 0 0 0 0 0 0 0.0142 141 0.0136 0.0142
0 0 0 0 0 0 0 0 0 1 1 0 2 0.0011 0
1 0 0 0 0 0 0 0 0 0 2 0 1 0.013 0
1 0 1 0 0 1 0 0 0 0 0 0 16 0.001 0
1 0 1 0 0 0 0 0 0 0 0 0 1 0.0025 0
1 0 0 1 0 0 0 0 0 0 1 0 7 0.0044 0
0 1 1 0 0 0 0 0 0 0 0 1 3 0.9819 1
0 0 0 0 0 0 0 0 0 2 0 0 4 0 0
2 1 0 2 2 0 2 1 1 0 1 0 2 0 0
1 0 0 0 0 0 0 0 0 0 1 0 3 0.008 0
1 1 1 0 0 1 0 1 0 0 0 0 1 0.0029 0
0 2 0 0 0 0 0 0 0 0 0 1 3 0.978 1
1 1 0 0 1 0 0 0 0 0 1 0 1 0.0242 0
1 0 1 0 0 0 0 0 0 0 1 0 2 0.0042 0
0 0 2 0 0 0 0 0 0 0 0 0 1 0.0065 0
1 0 1 1 0 0 0 0 0 0 1 0 2 0.0022 0
0 1 0 1 0 0 1 0 0 0 0 1 1 0.9863 1
0 1 1 0 0 0 0 1 0 0 0 0.5 4 0.6537 0.5
0 0 2 0 0 0 0 0 0 0 1 0 1 0.0105 0
0 1 0 0 0 0 0 0 0 1 0 1 1 0.8644 1
0 0 0 0 0 0 0 0 0 0 2 0 1 0.0471 0
0 0 0 1 0 0 0 0 0 1 0 0 2 3e-04 0
1 1 0 1 0 0 0 1 0 0 1 0 2 0.0109 0
1 0 1 0 0 0 0 1 0 0 1 0 2 0.0226 0
1 1 0 1 1 0 1 0 0 0 0 1 2 0.9916 1
0 0 1 0 0 0 0 0 0 1 1 0 1 5e-04 0
0 1 0 1 0 0 0 0 0 0 1 0 1 0.0089 0
1 1 1 0 1 1 0 1 1 0 1 0 2 0 0
1 2 0 1 1 0 1 1 0 0 0 1 1 0.9967 1
0 0 0 1 0 0 0 0 0 0 1 0 2 0.0195 0
1 1 0 1 1 0 1 0 0 0 1 0 2 0.0183 0
0 1 0 1 1 0 0 0 0 0 1 1 1 0.9988 1
0 1 1 0 0 1 0 0 0 0 0 1 1 0.9664 1
0 0 0 2 0 0 0 0 0 0 0 1 1 0.9864 1
0 0 1 0 0 0 0 0 0 2 0 0 1 0 0
1 1 0 0 0 1 0 0 0 0 1 0 1 0.0014 0
1 1 0 0 0 1 0 0 0 0 2 0 1 0.0026 0
